1 0.313281 0.371528 0.031250 0.070833
1 0.222266 0.513194 0.022656 0.056944
1 0.251172 0.538889 0.024219 0.066667
1 0.350781 0.668056 0.032813 0.066667
1 0.366797 0.613194 0.027344 0.062500
1 0.526172 0.723611 0.028906 0.077778
1 0.577734 0.942361 0.035156 0.079167
1 0.776172 0.742361 0.041406 0.084722
1 0.441016 0.417361 0.027344 0.056944
1 0.548047 0.402083 0.021094 0.065278
1 0.503516 0.545833 0.028906 0.075000
1 0.567969 0.470833 0.025000 0.061111
1 0.687500 0.405556 0.017188 0.058333
1 0.701562 0.556944 0.026562 0.061111
1 0.458203 0.376389 0.024219 0.055556
