1 0.230078 0.695833 0.039844 0.111111
1 0.092188 0.465278 0.034375 0.080556
1 0.321094 0.604861 0.028125 0.087500
1 0.457813 0.494444 0.031250 0.094444
1 0.226562 0.470833 0.029687 0.083333
1 0.308203 0.359722 0.025781 0.066667
1 0.294531 0.319444 0.017188 0.066667
1 0.478125 0.272222 0.026562 0.066667
1 0.540625 0.365278 0.025000 0.066667
1 0.587891 0.378472 0.024219 0.059722
1 0.589453 0.323611 0.024219 0.061111
1 0.690234 0.363889 0.028906 0.072222
1 0.849219 0.860417 0.051562 0.134722
1 0.840625 0.651389 0.034375 0.091667
1 0.723047 0.332639 0.025781 0.062500
1 0.775391 0.597917 0.035156 0.101389
1 0.871484 0.434028 0.033594 0.087500
1 0.825781 0.468750 0.037500 0.090278
1 0.713672 0.410417 0.030469 0.081944
1 0.817578 0.386806 0.036719 0.076389
1 0.829297 0.321528 0.025781 0.065278
1 0.809375 0.279167 0.025000 0.063889
