1 0.242934 0.783362 0.066764 0.152513
1 0.174708 0.753899 0.043372 0.161179
1 0.507797 0.744801 0.058480 0.162045
1 0.798246 0.525997 0.056530 0.128250
1 0.743421 0.534662 0.038499 0.098787
1 0.732456 0.494801 0.029240 0.081456
1 0.556774 0.423310 0.033626 0.116984
1 0.503655 0.346187 0.041423 0.120451
1 0.353070 0.457539 0.032651 0.091854
1 0.364766 0.392981 0.032651 0.111785
1 0.209795 0.316291 0.036550 0.117851
1 0.302144 0.341421 0.026316 0.091854
1 0.350390 0.337955 0.032164 0.098787
1 0.409600 0.373484 0.025828 0.086655
1 0.415936 0.318458 0.025828 0.040728
1 0.290205 0.287262 0.035575 0.047660
