1 0.179167 0.620000 0.050000 0.137778
1 0.069583 0.594815 0.039167 0.152593
1 0.092083 0.402963 0.027500 0.118519
1 0.120833 0.368889 0.038333 0.103704
1 0.307500 0.372593 0.028333 0.102222
1 0.348333 0.370370 0.028333 0.100741
1 0.478750 0.490370 0.045833 0.130370
1 0.717083 0.542963 0.047500 0.128889
1 0.688333 0.438519 0.031667 0.127407
1 0.413333 0.273333 0.030000 0.090370
1 0.162917 0.280000 0.029167 0.109630
1 0.561667 0.254074 0.041667 0.105185
1 0.446667 0.191111 0.025000 0.094815
1 0.415417 0.196296 0.027500 0.090370
1 0.658750 0.333333 0.030833 0.118519
1 0.629167 0.318519 0.040000 0.115556
