1 0.317618 0.695957 0.045271 0.132838
1 0.185265 0.544761 0.049885 0.093647
1 0.006344 0.490099 0.011534 0.102310
1 0.396050 0.477310 0.036621 0.088284
1 0.454008 0.589315 0.038927 0.091172
1 0.420127 0.679662 0.039792 0.115924
1 0.661765 0.693069 0.039792 0.131188
1 0.763841 0.548061 0.035179 0.102723
1 0.567762 0.384282 0.031142 0.084571
1 0.387832 0.397690 0.032872 0.082508
1 0.519175 0.240512 0.032007 0.082508
1 0.801182 0.452145 0.033737 0.095710
1 0.922001 0.637376 0.033737 0.107261
1 0.794262 0.578795 0.030277 0.103960
1 0.708045 0.387995 0.032584 0.090347
