1 0.091146 0.721296 0.039583 0.174074
1 0.052865 0.918056 0.039062 0.158333
1 0.517969 0.658796 0.043229 0.134259
1 0.217969 0.481481 0.035937 0.125926
1 0.255469 0.436574 0.031771 0.117593
1 0.248438 0.359259 0.026042 0.094444
1 0.846875 0.892130 0.054167 0.202778
1 0.886198 0.388426 0.043229 0.112037
1 0.757552 0.318981 0.026562 0.073148
1 0.295052 0.662500 0.043229 0.152778
1 0.496875 0.454630 0.034375 0.107407
1 0.442448 0.477315 0.040104 0.134259
1 0.821615 0.313426 0.022396 0.095370
1 0.543490 0.357870 0.023438 0.086111
1 0.499219 0.293981 0.020313 0.073148
1 0.602604 0.283796 0.021875 0.075000
1 0.341406 0.268981 0.020313 0.086111
