1 0.480000 0.805556 0.035000 0.082222
1 0.541875 0.810000 0.038750 0.082222
1 0.215000 0.744444 0.030000 0.071111
1 0.193750 0.714444 0.032500 0.060000
1 0.040625 0.363333 0.023750 0.055556
1 0.306875 0.440000 0.028750 0.066667
1 0.433125 0.481111 0.033750 0.073333
1 0.466875 0.568889 0.023750 0.066667
1 0.535000 0.536667 0.027500 0.082222
1 0.375000 0.408889 0.022500 0.062222
1 0.325000 0.331111 0.022500 0.062222
1 0.380625 0.270000 0.021250 0.064444
1 0.500000 0.408889 0.025000 0.066667
1 0.760000 0.713333 0.030000 0.084444
1 0.640000 0.558889 0.027500 0.077778
1 0.733125 0.523333 0.031250 0.073333
1 0.815625 0.543333 0.036250 0.077778
1 0.811875 0.356667 0.023750 0.064444
1 0.663750 0.411111 0.027500 0.071111
1 0.626250 0.401111 0.025000 0.064444
1 0.535000 0.250000 0.020000 0.051111
1 0.695000 0.283333 0.020000 0.064444
1 0.401250 0.945556 0.025000 0.086667
1 0.717500 0.942222 0.027500 0.080000
1 0.580625 0.932222 0.028750 0.086667
1 0.986875 0.938889 0.023750 0.086667
1 0.537500 0.963333 0.017500 0.051111
