1 0.027083 0.394802 0.023958 0.096535
1 0.226823 0.680074 0.031771 0.090347
1 0.303385 0.537748 0.030729 0.087871
1 0.356250 0.821782 0.032292 0.099010
1 0.476042 0.733911 0.031250 0.094059
1 0.298698 0.259282 0.021354 0.073020
1 0.471615 0.516089 0.023438 0.074257
1 0.499740 0.537748 0.016146 0.058168
1 0.533073 0.525371 0.023438 0.077970
1 0.532552 0.659035 0.021354 0.090347
1 0.602604 0.682550 0.028125 0.092822
1 0.342187 0.090965 0.017708 0.048267
1 0.510417 0.354579 0.019792 0.068069
1 0.488021 0.302599 0.016667 0.053218
1 0.426042 0.161510 0.017708 0.058168
1 0.531771 0.219059 0.016667 0.056931
1 0.552604 0.382426 0.019792 0.064356
1 0.677083 0.540842 0.018750 0.071782
1 0.697135 0.532178 0.019271 0.074257
1 0.673698 0.387995 0.022396 0.075495
1 0.660677 0.248762 0.019271 0.061881
1 0.601562 0.279084 0.016667 0.053218
1 0.592187 0.172030 0.016667 0.051980
1 0.572656 0.938738 0.025521 0.105198
1 0.807552 0.909035 0.031771 0.117574
