1 0.115234 0.294118 0.027344 0.045098
1 0.226172 0.313725 0.022656 0.039216
1 0.473047 0.582843 0.035156 0.042157
1 0.402344 0.314216 0.021875 0.034314
1 0.555469 0.307353 0.023438 0.028431
1 0.353516 0.252451 0.016406 0.024510
1 0.330859 0.238725 0.014844 0.026471
1 0.313672 0.188235 0.016406 0.029412
1 0.259375 0.142157 0.017188 0.031373
1 0.538281 0.237745 0.018750 0.032353
1 0.433984 0.232843 0.013281 0.022549
1 0.424219 0.272059 0.018750 0.034314
1 0.622266 0.227941 0.019531 0.032353
1 0.714453 0.293627 0.014844 0.032353
1 0.528906 0.133824 0.018750 0.032353
1 0.415625 0.169118 0.015625 0.030392
1 0.389844 0.147059 0.017188 0.029412
1 0.432812 0.195098 0.012500 0.017647
1 0.666797 0.159314 0.022656 0.032353
1 0.613281 0.117157 0.020313 0.028431
1 0.939453 0.199020 0.022656 0.047059
1 0.944531 0.281863 0.020313 0.044118
1 0.854297 0.116667 0.022656 0.037255
1 0.855859 0.085784 0.022656 0.034314
