1 0.053086 0.527439 0.022222 0.071138
1 0.011728 0.539634 0.018519 0.067073
1 0.290123 0.419715 0.019753 0.063008
1 0.498765 0.645325 0.029630 0.075203
1 0.617901 0.565041 0.020988 0.065041
1 0.401852 0.423780 0.018519 0.054878
1 0.467901 0.501016 0.019753 0.058943
1 0.524074 0.479675 0.018519 0.065041
1 0.479012 0.434959 0.014815 0.052846
1 0.382099 0.369919 0.018519 0.044715
1 0.461728 0.384146 0.017284 0.040650
1 0.687037 0.488821 0.016049 0.067073
1 0.657407 0.449187 0.016049 0.060976
1 0.839506 0.438008 0.014815 0.054878
1 0.519753 0.385163 0.014815 0.050813
1 0.495062 0.378049 0.014815 0.044715
1 0.616667 0.443089 0.016049 0.052846
1 0.626543 0.420732 0.020988 0.048780
1 0.441975 0.360772 0.012346 0.038618
