1 0.084167 0.495370 0.033333 0.098148
1 0.014583 0.551852 0.027500 0.111111
1 0.619167 0.895370 0.041667 0.153704
1 0.311667 0.441667 0.025000 0.116667
1 0.297083 0.375926 0.019167 0.092593
1 0.311667 0.296296 0.021667 0.092593
1 0.242083 0.145370 0.019167 0.090741
1 0.040833 0.091667 0.018333 0.079630
1 0.455417 0.337963 0.022500 0.087037
1 0.489167 0.281481 0.026667 0.085185
1 0.396250 0.110185 0.017500 0.079630
1 0.376250 0.047222 0.014167 0.072222
1 0.577083 0.195370 0.020833 0.087037
1 0.727917 0.479630 0.022500 0.103704
1 0.826250 0.375926 0.022500 0.103704
1 0.607500 0.031481 0.016667 0.059259
1 0.946667 0.142593 0.023333 0.088889
