1 0.236667 0.652778 0.048333 0.179630
1 0.028333 0.817593 0.050000 0.224074
1 0.112917 0.492593 0.044167 0.155556
1 0.020000 0.506481 0.036667 0.157407
1 0.084583 0.384259 0.042500 0.146296
1 0.180417 0.293519 0.040833 0.135185
1 0.286667 0.218519 0.020000 0.107407
1 0.229583 0.309259 0.034167 0.140741
1 0.312917 0.195370 0.025833 0.101852
1 0.387500 0.512963 0.046667 0.144444
1 0.515833 0.376852 0.031667 0.153704
1 0.409167 0.369444 0.038333 0.138889
1 0.642083 0.187963 0.032500 0.116667
1 0.491667 0.081481 0.023333 0.092593
1 0.447500 0.046296 0.026667 0.062963
1 0.708333 0.627778 0.048333 0.192593
1 0.454583 0.907407 0.050833 0.185185
1 0.696667 0.913889 0.045000 0.172222
1 0.797500 0.462963 0.046667 0.155556
1 0.802917 0.258333 0.035833 0.131481
1 0.965417 0.114815 0.022500 0.070370
