1 0.123844 0.753259 0.029805 0.094972
1 0.125385 0.837989 0.043165 0.085661
1 0.512333 0.936685 0.035971 0.119181
1 0.677287 0.958101 0.036999 0.083799
1 0.430627 0.547486 0.026721 0.096834
1 0.791881 0.936685 0.035971 0.126629
1 0.475334 0.672253 0.029805 0.089385
1 0.215313 0.486034 0.029805 0.096834
1 0.286228 0.528864 0.023638 0.081937
1 0.304728 0.460894 0.025694 0.080074
1 0.277492 0.381750 0.030832 0.078212
1 0.441418 0.393855 0.031860 0.083799
1 0.408016 0.343575 0.026721 0.076350
1 0.343782 0.286778 0.021583 0.074488
1 0.640288 0.759777 0.039054 0.115456
1 0.603803 0.442272 0.021583 0.076350
1 0.626927 0.461825 0.022610 0.070764
1 0.697842 0.269088 0.024666 0.072626
1 0.769270 0.371508 0.023638 0.080074
1 0.713258 0.560521 0.026721 0.096834
1 0.946557 0.402235 0.030832 0.096834
1 0.978931 0.512104 0.023638 0.096834
1 0.411100 0.239292 0.024666 0.068901
1 0.413155 0.164804 0.010277 0.050279
