1 0.121354 0.437963 0.021875 0.096296
1 0.271615 0.400463 0.023438 0.087963
1 0.230990 0.190741 0.014063 0.061111
1 0.336458 0.503241 0.021875 0.089815
1 0.470052 0.968981 0.027604 0.062037
1 0.750781 0.762500 0.027604 0.119444
1 0.631510 0.451852 0.028646 0.088889
1 0.502865 0.492593 0.030729 0.096296
1 0.388802 0.303241 0.024479 0.073148
1 0.310156 0.278241 0.016146 0.067593
1 0.470833 0.313889 0.027083 0.077778
1 0.503385 0.325463 0.025521 0.084259
1 0.563542 0.300926 0.027083 0.077778
1 0.612500 0.381481 0.019792 0.077778
1 0.771615 0.412963 0.025521 0.090741
1 0.831250 0.545833 0.027083 0.097222
1 0.789323 0.519907 0.028646 0.093519
1 0.643490 0.274537 0.018229 0.065741
1 0.639323 0.347222 0.016146 0.070370
1 0.609375 0.201852 0.025000 0.044444
1 0.715625 0.313889 0.021875 0.064815
1 0.696615 0.258333 0.020313 0.046296
1 0.596875 0.240741 0.014583 0.050000
