1 0.290885 0.475463 0.022396 0.073148
1 0.239063 0.449537 0.030208 0.080556
1 0.250521 0.360648 0.026042 0.075000
1 0.191146 0.356019 0.020833 0.076852
1 0.373177 0.622685 0.019271 0.099074
1 0.227344 0.284722 0.010937 0.054630
1 0.221354 0.266204 0.012500 0.056481
1 0.246875 0.240741 0.013542 0.059259
1 0.251563 0.181944 0.019792 0.052778
1 0.425521 0.890278 0.038542 0.117593
1 0.054167 0.949537 0.036458 0.100926
1 0.644010 0.781944 0.039062 0.112037
1 0.463542 0.401389 0.023958 0.080556
1 0.340104 0.225463 0.011458 0.041667
1 0.334375 0.211111 0.007292 0.044444
1 0.578125 0.230093 0.018750 0.060185
1 0.508854 0.260185 0.017708 0.059259
1 0.769531 0.406019 0.029687 0.076852
1 0.726302 0.248148 0.018229 0.066667
1 0.733333 0.309259 0.018750 0.072222
1 0.646615 0.369444 0.020313 0.070370
1 0.628906 0.372685 0.018229 0.067593
1 0.888542 0.414815 0.032292 0.092593
