1 0.311235 0.748515 0.035425 0.126733
1 0.147773 0.660396 0.030364 0.116832
1 0.210526 0.422772 0.022267 0.097030
1 0.165486 0.308911 0.031377 0.091089
1 0.192308 0.293069 0.016194 0.091089
1 0.284413 0.195050 0.024291 0.093069
1 0.361842 0.181188 0.027328 0.073267
1 0.379555 0.322772 0.020243 0.095050
1 0.404352 0.387129 0.013158 0.085149
1 0.628036 0.531683 0.025304 0.104950
1 0.524798 0.269307 0.025304 0.083168
1 0.546559 0.275248 0.024291 0.083168
1 0.558704 0.127723 0.022267 0.073267
1 0.553644 0.184158 0.020243 0.047525
1 0.882085 0.629703 0.035425 0.134653
1 0.869433 0.390099 0.034413 0.102970
1 0.772773 0.258416 0.043522 0.093069
1 0.773785 0.350495 0.025304 0.079208
1 0.603745 0.411881 0.031377 0.095050
1 0.632591 0.401980 0.022267 0.099010
