1 0.418945 0.930368 0.056641 0.139265
1 0.219238 0.396518 0.040039 0.119923
1 0.285156 0.235977 0.029297 0.100580
1 0.346680 0.192456 0.025391 0.063830
1 0.351074 0.155706 0.022461 0.048356
1 0.445801 0.555126 0.036133 0.100580
1 0.636230 0.468085 0.034180 0.096712
1 0.575195 0.406190 0.027344 0.088975
1 0.505859 0.221470 0.029297 0.083172
1 0.518555 0.054159 0.027344 0.077369
1 0.547363 0.167311 0.030273 0.083172
1 0.625488 0.081238 0.028320 0.073501
1 0.567871 0.289168 0.030273 0.087041
1 0.748047 0.364603 0.035156 0.098646
1 0.759766 0.218569 0.027344 0.100580
1 0.677734 0.096712 0.027344 0.073501
1 0.859375 0.261122 0.031250 0.088975
1 0.975586 0.138298 0.029297 0.087041
