1 0.102865 0.772277 0.028646 0.121287
1 0.044531 0.403465 0.020313 0.071782
1 0.194271 0.469678 0.025000 0.075495
1 0.311719 0.319926 0.015104 0.058168
1 0.468229 0.697401 0.022917 0.115099
1 0.896875 0.832921 0.038542 0.128713
1 0.847396 0.628094 0.030208 0.110149
1 0.471615 0.483911 0.023438 0.079208
1 0.525260 0.521040 0.017188 0.086634
1 0.466927 0.387995 0.017188 0.068069
1 0.388021 0.420173 0.016667 0.070545
1 0.388542 0.356436 0.014583 0.061881
1 0.628385 0.433787 0.017188 0.063119
1 0.518229 0.331683 0.007292 0.064356
1 0.622917 0.366337 0.012500 0.049505
1 0.759115 0.482054 0.018229 0.095297
1 0.735156 0.472153 0.018229 0.085396
1 0.694010 0.422649 0.015104 0.070545
1 0.684375 0.392327 0.012500 0.069307
1 0.635156 0.320545 0.008854 0.044554
1 0.626563 0.322401 0.008333 0.048267
1 0.560417 0.280322 0.012500 0.038366
