1 0.043359 0.280556 0.030469 0.086111
1 0.071875 0.291667 0.028125 0.086111
1 0.225781 0.543056 0.031250 0.086111
1 0.206250 0.202778 0.026562 0.077778
1 0.320312 0.443056 0.037500 0.086111
1 0.461719 0.895139 0.068750 0.151389
1 0.401562 0.611806 0.037500 0.095833
1 0.328906 0.590972 0.042188 0.106944
1 0.308594 0.534028 0.039062 0.098611
1 0.362891 0.466667 0.038281 0.105556
1 0.296484 0.264583 0.035156 0.093056
1 0.428906 0.200694 0.034375 0.076389
1 0.442188 0.395139 0.039062 0.087500
1 0.650781 0.711806 0.054688 0.118056
1 0.726953 0.319444 0.042969 0.097222
1 0.733984 0.403472 0.044531 0.087500
1 0.791797 0.499306 0.047656 0.090278
