1 0.391975 0.807956 0.041667 0.137174
1 0.249614 0.787380 0.036265 0.128944
1 0.344907 0.737997 0.030864 0.120713
1 0.348380 0.636488 0.016204 0.079561
1 0.485725 0.783265 0.054784 0.139918
1 0.551698 0.782579 0.038580 0.135802
1 0.823302 0.657750 0.027778 0.097394
1 0.709105 0.718793 0.040123 0.117970
1 0.606481 0.890947 0.030864 0.193416
1 0.672840 0.837449 0.029321 0.182442
1 0.646991 0.768861 0.031636 0.130316
1 0.614198 0.752401 0.030864 0.100137
1 0.748457 0.832647 0.040123 0.175583
1 0.881559 0.734568 0.033179 0.130316
1 0.913194 0.723594 0.028549 0.135802
