1 0.213333 0.454630 0.033333 0.127778
1 0.084167 0.135185 0.020000 0.088889
1 0.165833 0.346296 0.021667 0.122222
1 0.181250 0.342593 0.017500 0.114815
1 0.372917 0.660185 0.037500 0.168519
1 0.412083 0.752778 0.037500 0.157407
1 0.377083 0.426852 0.032500 0.131481
1 0.526250 0.850926 0.037500 0.164815
1 0.480000 0.529630 0.035000 0.137037
1 0.639583 0.681481 0.037500 0.159259
1 0.619167 0.580556 0.031667 0.131481
1 0.841667 0.671296 0.035000 0.146296
1 0.950000 0.466667 0.031667 0.144444
1 0.718750 0.362037 0.022500 0.105556
1 0.420417 0.315741 0.020833 0.116667
1 0.387083 0.304630 0.024167 0.120370
1 0.173750 0.203704 0.022500 0.107407
1 0.408750 0.142593 0.024167 0.100000
1 0.682083 0.215741 0.037500 0.109259
1 0.600417 0.300926 0.027500 0.105556
