1 0.161328 0.408333 0.030469 0.111111
1 0.261719 0.427083 0.031250 0.109722
1 0.360547 0.506944 0.038281 0.119444
1 0.342578 0.418056 0.046094 0.100000
1 0.453125 0.659722 0.020313 0.119444
1 0.439063 0.707639 0.043750 0.143056
1 0.345313 0.340972 0.029687 0.090278
1 0.429297 0.459722 0.030469 0.094444
1 0.445312 0.400694 0.020313 0.062500
1 0.433594 0.370139 0.025000 0.079167
1 0.509766 0.418056 0.036719 0.097222
1 0.601953 0.426389 0.032031 0.094444
1 0.583203 0.539583 0.032031 0.129167
1 0.746094 0.482639 0.039062 0.118056
1 0.947266 0.410417 0.030469 0.101389
1 0.942187 0.543056 0.031250 0.125000
