1 0.211404 0.334951 0.017544 0.038835
1 0.282456 0.518608 0.014035 0.033981
1 0.285965 0.470065 0.014035 0.037217
1 0.404825 0.536408 0.013158 0.037217
1 0.326754 0.393204 0.013158 0.038835
1 0.347368 0.372977 0.010526 0.033981
1 0.388596 0.460356 0.008772 0.033981
1 0.364474 0.436893 0.009649 0.032362
1 0.365351 0.411003 0.009649 0.025890
1 0.389912 0.407767 0.009649 0.032362
1 0.380263 0.351942 0.011404 0.030744
1 0.406579 0.362460 0.011404 0.025890
1 0.480702 0.340615 0.012281 0.027508
1 0.437281 0.301780 0.011404 0.027508
1 0.442544 0.627832 0.009649 0.032362
1 0.453509 0.409385 0.010526 0.029126
1 0.482895 0.389968 0.009649 0.029126
1 0.470175 0.387540 0.010526 0.030744
1 0.467544 0.282362 0.007018 0.021036
1 0.562719 0.299353 0.007895 0.025890
1 0.536842 0.387540 0.010526 0.033981
1 0.555702 0.446602 0.013158 0.038835
1 0.602193 0.377023 0.013158 0.032362
1 0.730702 0.474919 0.014035 0.040453
1 0.694298 0.736246 0.013158 0.038835
1 0.683333 0.742718 0.012281 0.042071
