1 0.516456 0.365556 0.043038 0.144444
1 0.020253 0.554444 0.032911 0.171111
1 0.110127 0.558889 0.043038 0.202222
1 0.298734 0.598889 0.043038 0.197778
1 0.391772 0.600000 0.046835 0.208889
1 0.339241 0.770000 0.048101 0.211111
1 0.477215 0.498889 0.083544 0.148889
1 0.466456 0.696667 0.051899 0.202222
1 0.732911 0.808889 0.050633 0.213333
1 0.741139 0.598889 0.049367 0.193333
1 0.900000 0.642222 0.050633 0.195556
1 0.907595 0.521111 0.043038 0.095556
1 0.120886 0.285556 0.034177 0.073333
1 0.268354 0.285556 0.032911 0.068889
