1 0.307639 0.550278 0.025000 0.065000
1 0.209028 0.454167 0.022917 0.063889
1 0.033681 0.391389 0.022222 0.063889
1 0.270833 0.429722 0.023611 0.065000
1 0.243229 0.357222 0.017708 0.058889
1 0.519271 0.344167 0.021181 0.045000
1 0.442361 0.472222 0.019444 0.060000
1 0.405729 0.469722 0.017014 0.057222
1 0.390278 0.455833 0.016667 0.052778
1 0.393750 0.402222 0.020833 0.045556
1 0.389410 0.377778 0.013542 0.040000
1 0.457118 0.350278 0.020486 0.047222
1 0.435937 0.348611 0.020486 0.048333
1 0.368229 0.342222 0.014931 0.035556
1 0.358333 0.332778 0.017361 0.038889
1 0.381597 0.331111 0.012500 0.044444
1 0.394271 0.330833 0.010764 0.033889
