1 0.151667 0.542269 0.026667 0.047831
1 0.050000 0.499444 0.013333 0.055617
1 0.021667 0.494994 0.028333 0.046719
1 0.396250 0.691880 0.030833 0.077864
1 0.612083 0.689655 0.027500 0.077864
1 0.850417 0.662403 0.032500 0.065628
1 0.564583 0.640712 0.029167 0.068966
1 0.455000 0.588432 0.028333 0.066741
1 0.557500 0.521691 0.025000 0.048943
1 0.357500 0.514461 0.020000 0.058954
1 0.253750 0.429366 0.020833 0.040044
1 0.384583 0.414905 0.020833 0.044494
1 0.545833 0.338710 0.016667 0.032258
1 0.800833 0.421580 0.025000 0.042269
1 0.635000 0.453281 0.020000 0.045606
1 0.553750 0.423804 0.020833 0.035595
1 0.483333 0.456618 0.018333 0.038932
1 0.437083 0.431034 0.024167 0.050056
1 0.448333 0.402670 0.020000 0.035595
1 0.468333 0.436040 0.015000 0.037820
1 0.630417 0.418799 0.020833 0.038932
1 0.632917 0.380423 0.017500 0.035595
