1 0.232422 0.427193 0.031250 0.117544
1 0.525879 0.263158 0.034180 0.094737
1 0.082520 0.314035 0.034180 0.101754
1 0.329590 0.276316 0.038086 0.092982
1 0.505859 0.481579 0.031250 0.114035
1 0.334961 0.510526 0.025391 0.094737
1 0.658203 0.566667 0.039062 0.119298
1 0.285156 0.158772 0.023438 0.089474
1 0.918457 0.335088 0.028320 0.108772
1 0.520508 0.392982 0.023438 0.080702
1 0.426270 0.383333 0.024414 0.114035
1 0.403809 0.352632 0.026367 0.094737
1 0.661621 0.235088 0.030273 0.098246
1 0.634277 0.096491 0.020508 0.080702
1 0.612793 0.537719 0.034180 0.117544
1 0.527832 0.927193 0.055664 0.135088
