1 0.248750 0.660000 0.022500 0.037778
1 0.544583 0.751667 0.025833 0.036667
1 0.732500 0.622222 0.016667 0.033333
1 0.482500 0.521667 0.016667 0.027778
1 0.570833 0.543333 0.016667 0.037778
1 0.596250 0.506111 0.022500 0.034444
1 0.671667 0.580556 0.018333 0.034444
1 0.685417 0.472778 0.019167 0.032222
1 0.297500 0.481111 0.016667 0.035556
1 0.212083 0.448333 0.014167 0.030000
1 0.786250 0.468333 0.015833 0.025556
1 0.462500 0.490556 0.016667 0.030000
1 0.451250 0.421111 0.017500 0.028889
1 0.622917 0.413333 0.019167 0.028889
1 0.690000 0.355556 0.011667 0.028889
1 0.528750 0.394444 0.014167 0.028889
1 0.565833 0.353889 0.013333 0.025556
1 0.520417 0.355000 0.017500 0.032222
1 0.506250 0.268333 0.012500 0.025556
1 0.388333 0.353889 0.011667 0.021111
1 0.787917 0.416111 0.010833 0.027778
