1 0.041250 0.834074 0.020833 0.047407
1 0.224167 0.705926 0.026667 0.048889
1 0.298333 0.659259 0.021667 0.047407
1 0.249167 0.577037 0.016667 0.040000
1 0.330417 0.437037 0.017500 0.041481
1 0.460000 0.452593 0.011667 0.040000
1 0.435000 0.596296 0.013333 0.037037
1 0.496250 0.311111 0.014167 0.035556
1 0.572917 0.739259 0.019167 0.047407
1 0.463333 0.784444 0.018333 0.048889
1 0.477917 0.697037 0.015833 0.048889
1 0.462083 0.673333 0.017500 0.040000
1 0.543750 0.678519 0.012500 0.038519
1 0.526667 0.458519 0.015000 0.045926
1 0.556250 0.431111 0.014167 0.041481
1 0.507917 0.594074 0.017500 0.041481
1 0.492083 0.638519 0.015833 0.041481
1 0.635417 0.633333 0.012500 0.045926
1 0.580833 0.542222 0.016667 0.041481
1 0.615833 0.545185 0.015000 0.047407
1 0.600000 0.556296 0.015000 0.057778
1 0.619167 0.651111 0.016667 0.040000
1 0.480000 0.859259 0.013333 0.053333
