1 0.219531 0.760417 0.028125 0.079167
1 0.196484 0.677778 0.022656 0.066667
1 0.469922 0.724306 0.022656 0.081944
1 0.500000 0.763194 0.023438 0.079167
1 0.536719 0.623611 0.021875 0.075000
1 0.805469 0.694444 0.026562 0.075000
1 0.835938 0.683333 0.018750 0.075000
1 0.931641 0.439583 0.021094 0.056944
1 0.880078 0.499306 0.022656 0.059722
1 0.736328 0.465278 0.025781 0.058333
1 0.648438 0.531944 0.021875 0.063889
1 0.594531 0.458333 0.021875 0.063889
1 0.562891 0.474306 0.014844 0.051389
1 0.575391 0.531250 0.021094 0.059722
1 0.502344 0.474306 0.026562 0.065278
1 0.438281 0.497222 0.020313 0.058333
1 0.412109 0.498611 0.016406 0.055556
1 0.375000 0.489583 0.020313 0.059722
1 0.285547 0.435417 0.017969 0.054167
1 0.191016 0.436806 0.017969 0.054167
1 0.446484 0.422917 0.011719 0.048611
1 0.402344 0.429861 0.017188 0.045833
